{
  "nbformat": 4,
  "nbformat_minor": 0,
  "metadata": {
    "colab": {
      "provenance": [],
      "authorship_tag": "ABX9TyMc3go9DGk3Dfuev2dytnFc",
      "include_colab_link": true
    },
    "kernelspec": {
      "name": "python3",
      "display_name": "Python 3"
    },
    "language_info": {
      "name": "python"
    }
  },
  "cells": [
    {
      "cell_type": "markdown",
      "metadata": {
        "id": "view-in-github",
        "colab_type": "text"
      },
      "source": [
        "<a href=\"https://colab.research.google.com/github/NastiiaKoval/Machine-Learning/blob/main/%D0%9A%D0%BE%D0%B2%D0%B0%D0%BB%D1%8C_%D0%BF%D1%80_1.ipynb\" target=\"_parent\"><img src=\"https://colab.research.google.com/assets/colab-badge.svg\" alt=\"Open In Colab\"/></a>"
      ]
    },
    {
      "cell_type": "markdown",
      "source": [
        "Варіант 9."
      ],
      "metadata": {
        "id": "fzWTYLLUrBDf"
      }
    },
    {
      "cell_type": "code",
      "source": [
        "import numpy as np"
      ],
      "metadata": {
        "id": "UVintZUjt3zT"
      },
      "execution_count": 6,
      "outputs": []
    },
    {
      "cell_type": "markdown",
      "source": [
        "Завдання 1\n",
        "\n",
        "Створіть одновимірний масив (вектор) з числами Фібоначчі, де кожне число\n",
        "дорівнює сумі двох попередніх, та виведіть його значення.\n"
      ],
      "metadata": {
        "id": "wy0HMmY0rkDi"
      }
    },
    {
      "cell_type": "code",
      "execution_count": 2,
      "metadata": {
        "colab": {
          "base_uri": "https://localhost:8080/"
        },
        "id": "dAX8EmAkqST3",
        "outputId": "7e25871d-601a-4df6-8310-1e979ef943de"
      },
      "outputs": [
        {
          "output_type": "stream",
          "name": "stdout",
          "text": [
            "[ 0  1  1  2  3  5  8 13 21 34]\n"
          ]
        }
      ],
      "source": [
        "# Функція для генерації чисел Фібоначчі\n",
        "def fibonacci(n):\n",
        "    fib_sequence = [0, 1]\n",
        "    for i in range(2, n):\n",
        "        fib_sequence.append(fib_sequence[-1] + fib_sequence[-2])\n",
        "    return np.array(fib_sequence)\n",
        "\n",
        "# Створення одновимірного масиву з першими 10 числами Фібоначчі\n",
        "fib_array = fibonacci(10)\n",
        "\n",
        "# Виведення масиву\n",
        "print(fib_array)\n"
      ]
    },
    {
      "cell_type": "markdown",
      "source": [
        "Завдання 2\n",
        "\n",
        "Створіть двовимірний масив (матрицю) розміром 3x3, заповніть його значеннями\n",
        "експонент n^2 для кожного натурального числа n, починаючи з 1, та виведіть його\n",
        "значення"
      ],
      "metadata": {
        "id": "oysI_Jjzr0Nw"
      }
    },
    {
      "cell_type": "code",
      "source": [
        "# Створення матриці 3x3 зі значеннями експонент n^2\n",
        "matrix = np.array([n**2 for n in range(1, 10)]).reshape(3, 3)\n",
        "\n",
        "# Виведення матриці\n",
        "print(matrix)"
      ],
      "metadata": {
        "colab": {
          "base_uri": "https://localhost:8080/"
        },
        "id": "UxrCo8NTs0r0",
        "outputId": "b9aa8c99-a74b-4471-ad3c-599ba82f565f"
      },
      "execution_count": 3,
      "outputs": [
        {
          "output_type": "stream",
          "name": "stdout",
          "text": [
            "[[ 1  4  9]\n",
            " [16 25 36]\n",
            " [49 64 81]]\n"
          ]
        }
      ]
    },
    {
      "cell_type": "markdown",
      "source": [
        "Завдання 3\n",
        "\n",
        "Створіть масив розміром 3x3, заповніть його випадковими дійсними числами від -1 до\n",
        "1 та виведіть його значення"
      ],
      "metadata": {
        "id": "OjJVcKf4s_dg"
      }
    },
    {
      "cell_type": "code",
      "source": [
        "array = np.random.uniform(-1, 1, (3, 3))\n",
        "\n",
        "# Виведення масиву\n",
        "print(array)"
      ],
      "metadata": {
        "colab": {
          "base_uri": "https://localhost:8080/"
        },
        "id": "ZbhgP0oas-rh",
        "outputId": "1c82d7c0-6a7c-475b-95c7-c21b7121ede2"
      },
      "execution_count": 4,
      "outputs": [
        {
          "output_type": "stream",
          "name": "stdout",
          "text": [
            "[[-0.8064801  -0.45243734 -0.10026896]\n",
            " [-0.22081036 -0.43532709  0.71010519]\n",
            " [ 0.79470684  0.08385568  0.8221348 ]]\n"
          ]
        }
      ]
    },
    {
      "cell_type": "markdown",
      "source": [
        "Завдання 4\n",
        "\n",
        " Створіть масив розміром 3x3, заповніть його випадковими дійсними числами від 0 до 1 та знайдіть середнє геометричне всіх елементів."
      ],
      "metadata": {
        "id": "9pq6W7TQtuNx"
      }
    },
    {
      "cell_type": "code",
      "source": [
        "# Створення масиву 3x3 з випадковими дійсними числами від 0 до 1\n",
        "array = np.random.uniform(0, 1, (3, 3))\n",
        "\n",
        "# Обчислення середнього геометричного через numpy\n",
        "geometric_mean = np.exp(np.mean(np.log(array)))\n",
        "\n",
        "# Виведення масиву та середнього геометричного\n",
        "print(\"Масив:\\n\", array)\n",
        "print(\"Середнє геометричне значення:\", geometric_mean)"
      ],
      "metadata": {
        "colab": {
          "base_uri": "https://localhost:8080/"
        },
        "id": "NR0CKS-GtlNJ",
        "outputId": "956a3751-3c26-4bfb-f2d1-6d3cf95023d2"
      },
      "execution_count": 5,
      "outputs": [
        {
          "output_type": "stream",
          "name": "stdout",
          "text": [
            "Масив:\n",
            " [[0.94167324 0.67322003 0.07293211]\n",
            " [0.45215851 0.92277012 0.56926128]\n",
            " [0.16271865 0.34007115 0.25596841]]\n",
            "Середнє геометричне значення: 0.37746260750042465\n"
          ]
        }
      ]
    },
    {
      "cell_type": "markdown",
      "source": [
        "Завдання 5\n",
        "\n",
        "Створіть два одновимірних масиви розміром 6, заповніть їх випадковими дійсними\n",
        "числами від -5 до 5 та виконайте на них поелементні операції додавання, віднімання\n",
        "та множення"
      ],
      "metadata": {
        "id": "9YreYmLRuOS2"
      }
    },
    {
      "cell_type": "code",
      "source": [
        "# Створення двох одновимірних масивів з випадковими дійсними числами від -5 до 5\n",
        "array1 = np.random.uniform(-5, 5, 6)\n",
        "array2 = np.random.uniform(-5, 5, 6)\n",
        "\n",
        "# Поелементне додавання\n",
        "sum_arrays = array1 + array2\n",
        "\n",
        "# Поелементне віднімання\n",
        "diff_arrays = array1 - array2\n",
        "\n",
        "# Поелементне множення\n",
        "prod_arrays = array1 * array2\n",
        "\n",
        "# Виведення результатів\n",
        "print(\"Перший масив:\", array1)\n",
        "print(\"Другий масив:\", array2)\n",
        "print(\"Додавання:\", sum_arrays)\n",
        "print(\"Віднімання:\", diff_arrays)\n",
        "print(\"Множення:\", prod_arrays)\n"
      ],
      "metadata": {
        "colab": {
          "base_uri": "https://localhost:8080/"
        },
        "id": "_0TV3nNqt0NA",
        "outputId": "c0564053-4536-42cd-a273-ae802d87370d"
      },
      "execution_count": 7,
      "outputs": [
        {
          "output_type": "stream",
          "name": "stdout",
          "text": [
            "Перший масив: [-3.49159595 -4.60533477 -4.70422075 -0.55284371  1.48617074 -2.05768802]\n",
            "Другий масив: [-2.66391227  0.12969606 -3.27218042 -4.83387053 -4.46322323 -0.9874861 ]\n",
            "Додавання: [-6.15550821 -4.47563871 -7.97640117 -5.38671423 -2.97705249 -3.04517412]\n",
            "Віднімання: [-0.82768368 -4.73503082 -1.43204033  4.28102682  5.94939397 -1.07020191]\n",
            "Множення: [ 9.30130527 -0.59729376 15.39305902  2.6723749  -6.63311176  2.03193832]\n"
          ]
        }
      ]
    },
    {
      "cell_type": "markdown",
      "source": [
        "Завдання 6\n",
        "\n",
        "Створіть дві матриці 5x5, заповніть їх довільними цілими числами від 1 до 10 та\n",
        "знайдіть їх добуток."
      ],
      "metadata": {
        "id": "yEcwLLn8uW_J"
      }
    },
    {
      "cell_type": "code",
      "source": [
        "# Створення двох матриць 5x5 з довільними цілими числами від 1 до 10\n",
        "matrix1 = np.random.randint(1, 11, size=(5, 5))\n",
        "matrix2 = np.random.randint(1, 11, size=(5, 5))\n",
        "\n",
        "# Обчислення добутку матриць\n",
        "matrix_product = np.dot(matrix1, matrix2)\n",
        "\n",
        "# Виведення матриць та їх добутку\n",
        "print(\"Перша матриця (5x5):\\n\", matrix1)\n",
        "print(\"\\nДруга матриця (5x5):\\n\", matrix2)\n",
        "print(\"\\nДобуток матриць:\\n\", matrix_product)"
      ],
      "metadata": {
        "colab": {
          "base_uri": "https://localhost:8080/"
        },
        "id": "aeVAMxhCubWV",
        "outputId": "93bde87b-3f4c-4785-c48f-624df54a4e49"
      },
      "execution_count": 34,
      "outputs": [
        {
          "output_type": "stream",
          "name": "stdout",
          "text": [
            "Перша матриця (5x5):\n",
            " [[ 5  9  2  9  1]\n",
            " [ 2  7  9  3  7]\n",
            " [ 5  1  5  3  5]\n",
            " [ 6  3  6  9  4]\n",
            " [ 1 10 10  2  8]]\n",
            "\n",
            "Друга матриця (5x5):\n",
            " [[ 7  1  9  3  5]\n",
            " [ 2  8  8  9  3]\n",
            " [ 9  9  6  1  3]\n",
            " [ 3  2  3  9  6]\n",
            " [ 7  9 10  2  1]]\n",
            "\n",
            "Добуток матриць:\n",
            " [[105 122 166 181 113]\n",
            " [167 208 207 119  83]\n",
            " [126 109 142  66  66]\n",
            " [157 138 181 140 115]\n",
            " [179 247 235 137  85]]\n"
          ]
        }
      ]
    },
    {
      "cell_type": "markdown",
      "source": [
        "Завдання 7\n",
        "\n",
        "Створіть дві матриці розміром 3x2 та 2x4, заповніть їх випадковими цілими числами в діапазоні від 1 до 10 та перемножте їх між собою."
      ],
      "metadata": {
        "id": "h4H9JX2tuzj3"
      }
    },
    {
      "cell_type": "code",
      "source": [
        "matrix1 = np.random.randint(1, 11, size=(3, 2))\n",
        "\n",
        "# Створення матриці 2x4 з випадковими цілими числами від 1 до 10\n",
        "matrix2 = np.random.randint(1, 11, size=(2, 4))\n",
        "\n",
        "# Перемноження матриць\n",
        "matrix_product = np.dot(matrix1, matrix2)\n",
        "\n",
        "# Виведення матриць та їх добутку\n",
        "print(\"Перша матриця (3x2):\\n\", matrix1)\n",
        "print(\"\\nДруга матриця (2x4):\\n\", matrix2)\n",
        "print(\"\\nДобуток матриць:\\n\", matrix_product)"
      ],
      "metadata": {
        "colab": {
          "base_uri": "https://localhost:8080/"
        },
        "id": "wq80emDgu05-",
        "outputId": "23c0f02d-9783-4348-c1f9-7f13c2faa416"
      },
      "execution_count": 33,
      "outputs": [
        {
          "output_type": "stream",
          "name": "stdout",
          "text": [
            "Перша матриця (3x2):\n",
            " [[ 5 10]\n",
            " [ 6  3]\n",
            " [10  2]]\n",
            "\n",
            "Друга матриця (2x4):\n",
            " [[2 4 6 6]\n",
            " [8 2 9 8]]\n",
            "\n",
            "Добуток матриць:\n",
            " [[ 90  40 120 110]\n",
            " [ 36  30  63  60]\n",
            " [ 36  44  78  76]]\n"
          ]
        }
      ]
    },
    {
      "cell_type": "markdown",
      "source": [
        "Завдання 8\n",
        "\n",
        "Створіть матрицю розміром 2x2, заповніть її випадковими цілими числами в діапазоні від 1 до 15 та знайдіть її обернену матрицю."
      ],
      "metadata": {
        "id": "T6ORQ4GZu-Ju"
      }
    },
    {
      "cell_type": "code",
      "source": [
        "matrix = np.random.randint(1, 16, size=(2, 2))\n",
        "\n",
        "# Перевірка, чи матриця є оберненою (детермінант не дорівнює нулю)\n",
        "det = np.linalg.det(matrix)\n",
        "if det != 0:\n",
        "    # Знаходження оберненої матриці\n",
        "    inverse_matrix = np.linalg.inv(matrix)\n",
        "    print(\"Матриця:\\n\", matrix)\n",
        "    print(\"\\nОбернена матриця:\\n\", inverse_matrix)\n",
        "else:\n",
        "    print(\"Матриця не має оберненої (детермінант дорівнює нулю):\\n\", matrix)\n"
      ],
      "metadata": {
        "colab": {
          "base_uri": "https://localhost:8080/"
        },
        "id": "NMDdyEjovCUl",
        "outputId": "84a948fc-4138-49af-a4fd-e2cfa01b8047"
      },
      "execution_count": 32,
      "outputs": [
        {
          "output_type": "stream",
          "name": "stdout",
          "text": [
            "Матриця:\n",
            " [[ 9  4]\n",
            " [ 3 15]]\n",
            "\n",
            "Обернена матриця:\n",
            " [[ 0.12195122 -0.03252033]\n",
            " [-0.02439024  0.07317073]]\n"
          ]
        }
      ]
    },
    {
      "cell_type": "markdown",
      "source": [
        "Завдання 9\n",
        "\n",
        "Створіть матрицю розміром 3x3, заповніть її випадковими цілими числами в діапазоні від 7 до 15 та транспонуйте її."
      ],
      "metadata": {
        "id": "nZENr9rKvYRU"
      }
    },
    {
      "cell_type": "code",
      "source": [
        "# Створення матриці 3x3 з випадковими цілими числами від 7 до 15\n",
        "matrix = np.random.randint(7, 16, size=(3, 3))\n",
        "\n",
        "# Транспонування матриці\n",
        "transposed_matrix = matrix.T\n",
        "\n",
        "# Виведення матриці та її транспонованої версії\n",
        "print(\"Матриця:\\n\", matrix)\n",
        "print(\"\\nТранспонована матриця:\\n\", transposed_matrix)\n"
      ],
      "metadata": {
        "colab": {
          "base_uri": "https://localhost:8080/"
        },
        "id": "FB18PHMUvEqw",
        "outputId": "cf59bd2f-7a81-4e60-9f4b-6a56aca690d3"
      },
      "execution_count": 31,
      "outputs": [
        {
          "output_type": "stream",
          "name": "stdout",
          "text": [
            "Матриця:\n",
            " [[ 7  8 13]\n",
            " [12  8 13]\n",
            " [12 11 12]]\n",
            "\n",
            "Транспонована матриця:\n",
            " [[ 7 12 12]\n",
            " [ 8  8 11]\n",
            " [13 13 12]]\n"
          ]
        }
      ]
    },
    {
      "cell_type": "markdown",
      "source": [
        "Завдання 10\n",
        "Створіть матрицю розміром 3x4 та вектор розміром 4x1, заповніть матрицю\n",
        "випадковими дійсними числами від 0 до 1, а вектор - випадковими цілими числами в діапазоні від 1 до 10 і знайдіть добуток матриці на вектор."
      ],
      "metadata": {
        "id": "NrpcKU0Xv20Y"
      }
    },
    {
      "cell_type": "code",
      "source": [
        "# Створення матриці 3x4 з випадковими дійсними числами від 0 до 1\n",
        "matrix = np.random.uniform(0, 1, size=(3, 4))\n",
        "\n",
        "# Створення вектора 4x1 з випадковими цілими числами від 1 до 10\n",
        "vector = np.random.randint(1, 11, size=(4, 1))\n",
        "\n",
        "# Знаходження добутку матриці на вектор\n",
        "result = np.dot(matrix, vector)\n",
        "\n",
        "# Виведення матриці, вектора та їх добутку\n",
        "print(\"Матриця:\\n\", matrix)\n",
        "print(\"\\nВектор:\\n\", vector)\n",
        "print(\"\\nДобуток матриці на вектор:\\n\", result)\n"
      ],
      "metadata": {
        "colab": {
          "base_uri": "https://localhost:8080/"
        },
        "id": "eGG3R97_v4sU",
        "outputId": "280f71bf-4d06-4a7e-e336-065c310b9131"
      },
      "execution_count": 30,
      "outputs": [
        {
          "output_type": "stream",
          "name": "stdout",
          "text": [
            "Матриця:\n",
            " [[0.33165592 0.51876309 0.36978614 0.1549305 ]\n",
            " [0.09686654 0.67783182 0.55897897 0.84255145]\n",
            " [0.24178462 0.17755517 0.84697453 0.07328781]]\n",
            "\n",
            "Вектор:\n",
            " [[4]\n",
            " [1]\n",
            " [8]\n",
            " [5]]\n",
            "\n",
            "Добуток матриці на вектор:\n",
            " [[5.57832837]\n",
            " [9.74988701]\n",
            " [8.28692897]]\n"
          ]
        }
      ]
    },
    {
      "cell_type": "markdown",
      "source": [
        "Завдання 11\n",
        "\n",
        "Створіть матрицю розміром 2x3 та вектор розміром 3x1, заповніть матрицю випадковими дійсними числами від 0 до 1, а вектор - випадковими цілими числами в діапазоні від 1 до 10, і знайдіть добуток матриці на вектор."
      ],
      "metadata": {
        "id": "U9s2vWcZv5mU"
      }
    },
    {
      "cell_type": "code",
      "source": [
        "# Створення матриці 2x3 з випадковими дійсними числами від 0 до 1\n",
        "matrix = np.random.uniform(0, 1, size=(2, 3))\n",
        "\n",
        "# Створення вектора 3x1 з випадковими цілими числами від 1 до 10\n",
        "vector = np.random.randint(1, 11, size=(3, 1))\n",
        "\n",
        "# Знаходження добутку матриці на вектор\n",
        "result = np.dot(matrix, vector)\n",
        "\n",
        "# Виведення матриці, вектора та їх добутку\n",
        "print(\"Матриця (2x3):\\n\", matrix)\n",
        "print(\"\\nВектор (3x1):\\n\", vector)\n",
        "print(\"\\nДобуток матриці на вектор:\\n\", result)\n"
      ],
      "metadata": {
        "colab": {
          "base_uri": "https://localhost:8080/"
        },
        "id": "HesCHpFwv6kN",
        "outputId": "1047a331-5224-45d5-b253-f0241386b459"
      },
      "execution_count": 29,
      "outputs": [
        {
          "output_type": "stream",
          "name": "stdout",
          "text": [
            "Матриця (2x3):\n",
            " [[0.38282084 0.3205391  0.04743439]\n",
            " [0.48234976 0.28116951 0.54825211]]\n",
            "\n",
            "Вектор (3x1):\n",
            " [[10]\n",
            " [ 4]\n",
            " [ 7]]\n",
            "\n",
            "Добуток матриці на вектор:\n",
            " [[5.44240556]\n",
            " [9.78594042]]\n"
          ]
        }
      ]
    },
    {
      "cell_type": "markdown",
      "source": [
        "Завдання 12\n",
        "\n",
        " Створіть дві матриці розміром 2x2, заповніть їх випадковими цілими числами в діапазоні від 1 до 10 та знайдіть суму всіх елементів обох матриць."
      ],
      "metadata": {
        "id": "MGVit5zuv68V"
      }
    },
    {
      "cell_type": "code",
      "source": [
        "# Створення двох матриць 2x2 з випадковими цілими числами від 1 до 10\n",
        "matrix1 = np.random.randint(1, 11, size=(2, 2))\n",
        "matrix2 = np.random.randint(1, 11, size=(2, 2))\n",
        "\n",
        "# Обчислення суми всіх елементів обох матриць\n",
        "total_sum = np.sum(matrix1) + np.sum(matrix2)\n",
        "\n",
        "# Виведення матриць та їх загальної суми елементів\n",
        "print(\"Перша матриця:\\n\", matrix1)\n",
        "print(\"\\nДруга матриця:\\n\", matrix2)\n",
        "print(\"\\nСума всіх елементів обох матриць:\", total_sum)\n"
      ],
      "metadata": {
        "colab": {
          "base_uri": "https://localhost:8080/"
        },
        "id": "HJxk0QYfv7s7",
        "outputId": "56d9ab51-ea61-4021-8be7-876914c3369d"
      },
      "execution_count": 28,
      "outputs": [
        {
          "output_type": "stream",
          "name": "stdout",
          "text": [
            "Перша матриця:\n",
            " [[1 3]\n",
            " [4 4]]\n",
            "\n",
            "Друга матриця:\n",
            " [[7 7]\n",
            " [6 3]]\n",
            "\n",
            "Сума всіх елементів обох матриць: 35\n"
          ]
        }
      ]
    },
    {
      "cell_type": "markdown",
      "source": [
        "Завдання 13\n",
        "\n",
        "Створіть дві матриці розміром 10x10, заповніть їх випадковими дійсними числами в діапазоні від -2 до 2 та знайдіть їх добуток."
      ],
      "metadata": {
        "id": "ZnVKldCyxYOm"
      }
    },
    {
      "cell_type": "code",
      "source": [
        "# Створення двох матриць 10x10 з випадковими дійсними числами від -2 до 2\n",
        "matrix1 = np.random.uniform(-2, 2, size=(10, 10))\n",
        "matrix2 = np.random.uniform(-2, 2, size=(10, 10))\n",
        "\n",
        "# Обчислення добутку матриць\n",
        "matrix_product = np.dot(matrix1, matrix2)\n",
        "\n",
        "# Виведення матриць та їх добутку\n",
        "print(\"Перша матриця:\\n\", matrix1)\n",
        "print(\"Друга матриця:\\n\", matrix2)\n",
        "print(\"Добуток матриць:\\n\", matrix_product)\n"
      ],
      "metadata": {
        "colab": {
          "base_uri": "https://localhost:8080/"
        },
        "id": "F7Qnw5KUxS1E",
        "outputId": "522c60e7-0fa0-4350-917a-a8d14feee0bf"
      },
      "execution_count": 22,
      "outputs": [
        {
          "output_type": "stream",
          "name": "stdout",
          "text": [
            "Перша матриця:\n",
            " [[ 1.74917355 -0.9662495  -1.78202846  0.24103024  1.93823895  0.52553504\n",
            "   1.25094866 -1.25294435  0.586539    1.56114613]\n",
            " [ 1.37445523 -1.40492957  0.42470015  0.78525617 -0.13326352 -0.24571537\n",
            "  -1.57198319 -1.41006527 -0.98374746 -1.09443301]\n",
            " [ 1.80525332 -0.29301549 -1.5484235  -0.52404116  0.65827217 -0.92766846\n",
            "   0.66293873  0.07115637 -1.00268477 -0.69009338]\n",
            " [ 0.5605914  -1.14233406 -0.13627682 -0.56229068  0.36471903 -1.70408677\n",
            "  -0.33669965  0.79028944  1.80321621  1.86273095]\n",
            " [ 0.41070109 -0.14357519  0.87052294 -0.33080312 -1.86147514 -0.79450209\n",
            "   1.96627059 -0.93965089 -0.47283758  0.13296772]\n",
            " [ 1.32494608 -1.76016347 -0.14128536 -0.84946813  0.24204678  1.4231515\n",
            "  -1.57886382 -0.78672357  0.45057028  1.63171403]\n",
            " [ 1.52311993  0.49088294  1.50949419  1.80688513 -0.821376   -0.37542912\n",
            "   1.45862136 -0.52425607  0.78945968 -0.18966106]\n",
            " [ 1.19005521  1.00203524  1.88694874 -1.91304472 -0.60825551 -1.25228755\n",
            "  -0.52144232 -1.53373925 -0.76124764 -0.50121594]\n",
            " [-0.80587808  0.14631847 -0.34614566 -0.11751232 -1.48635446  0.28899155\n",
            "  -0.80438409  1.65225887  1.86048299 -1.77020556]\n",
            " [ 0.43354213 -1.34295141 -0.60696946 -0.83525381  0.76266195  0.14191015\n",
            "  -1.37929469 -0.55098436  1.48524468  1.88104145]]\n",
            "Друга матриця:\n",
            " [[ 1.53439829 -1.96567004  1.01649315 -1.61422048 -1.2527585  -0.95659505\n",
            "  -1.49387174  0.24095697  1.85031121  0.11877872]\n",
            " [ 1.28843215 -1.5941599  -1.22010252 -1.98695043  1.05326385  0.81373173\n",
            "   1.53300324 -0.6713745  -0.01524231 -0.25667523]\n",
            " [ 0.76727636  0.78453333  0.7408466  -1.00750999  0.88545974 -0.05376024\n",
            "  -1.17601598 -1.8523101   0.01537469 -1.11102442]\n",
            " [-1.63284247  0.47408275 -0.65403079 -0.76293139 -0.62824374  1.93312067\n",
            "   0.69613398 -0.52665847 -1.43774575  0.20843384]\n",
            " [-1.1683624   0.08895529  1.92653469  1.84608649 -0.42239578  1.14186089\n",
            "   0.37706048  1.10835355 -0.06742799 -0.28540552]\n",
            " [-0.17298532  1.63987921  1.36621499  0.51397621  1.95439737  0.34097919\n",
            "  -0.70344639 -0.52434062 -1.01769449 -0.25973191]\n",
            " [ 0.48204703  1.82007623 -0.09681488 -0.35295613  1.11529926  0.89164444\n",
            "   0.49948667  0.50326233  0.69402849 -0.95326947]\n",
            " [-1.64091815 -1.27753722  1.01030294  1.64105234  0.72143262 -1.78779033\n",
            "  -1.83132873  1.0172571  -1.54560845 -0.50735698]\n",
            " [ 0.0536997  -0.84632527 -0.82338536  0.74253394 -1.27044717 -0.5705053\n",
            "   1.67074375 -1.84536012  1.40783626  0.84552506]\n",
            " [-1.87743343  1.36753795  0.55769441  1.44744142  0.67699277  0.59849928\n",
            "   1.33353141  1.49772673  1.83825339  1.9653921 ]]\n",
            "Добуток матриць:\n",
            " [[-2.91782184  3.36852509  4.9319049   4.75364471 -3.92696254  4.44974438\n",
            "   4.51150527  6.72759757  8.71206772  4.80360718]\n",
            " [ 3.09860337 -1.8952      1.24714393 -4.9001858  -6.00445773 -0.17335537\n",
            "  -5.34317518 -1.99399637 -0.60722878 -0.45130043]\n",
            " [ 2.8959939  -4.9867923   1.83736286 -1.49419636 -4.10571496 -1.83687444\n",
            "  -3.18374142  6.21463483  2.64401121 -0.91834563]\n",
            " [-4.78884784 -3.01760875  0.99001423  7.17946503 -5.99261117 -4.33705106\n",
            "   2.39770112  2.84509192  8.07831109  5.83818236]\n",
            " [ 6.18028378  3.84044384 -3.89393983 -7.2418236   1.75223131  0.19000791\n",
            "  -0.14040543 -1.78409873  4.5809146  -1.74896484]\n",
            " [-1.99457274  2.02485981  6.25296166  5.28992939 -2.22226028 -2.85437922\n",
            "  -2.43181267  1.74963948  5.98690749  5.64251869]\n",
            " [ 4.16384609 -0.02730934 -2.63614382 -9.10614776 -1.45921413  2.96223223\n",
            "   0.66892297 -5.96387676  3.2589904  -1.74334064]\n",
            " [11.78137678 -4.50175998 -1.39827549 -9.74377501 -0.81356012 -2.83276787\n",
            "  -2.53282553 -4.05975663  6.29723247 -2.46568672]\n",
            " [ 0.8892605  -6.20500548 -4.41793592  0.66769079 -1.14355218 -6.70926278\n",
            "  -1.69012457 -6.19688416 -5.27044943 -1.40159462]\n",
            " [-4.29510238  0.22594666  3.24200864  8.10637105 -4.56440401 -2.13663367\n",
            "   2.92368082  2.16300226  7.26151066  7.18911503]]\n"
          ]
        }
      ]
    },
    {
      "cell_type": "markdown",
      "source": [
        "Завдання 14\n",
        "\n",
        "Створіть матрицю розміром 3x3, заповніть її випадковими дійсними числами в діапазоні від -1 до 1 та знайдіть середнє арифметичне значення елементів матриці."
      ],
      "metadata": {
        "id": "9uHuSdZuxiWz"
      }
    },
    {
      "cell_type": "code",
      "source": [
        "# Створення матриці 3x3 з випадковими дійсними числами в діапазоні від -1 до 1\n",
        "matrix = np.random.uniform(-1, 1, size=(3, 3))\n",
        "\n",
        "# Обчислення середнього арифметичного значення елементів матриці\n",
        "mean_value = np.mean(matrix)\n",
        "\n",
        "# Виведення матриці та її середнього арифметичного значення\n",
        "print(\"Матриця:\\n\", matrix)\n",
        "print(\"Середнє арифметичне значення елементів матриці:\", mean_value)\n"
      ],
      "metadata": {
        "colab": {
          "base_uri": "https://localhost:8080/"
        },
        "id": "yFBFbKNmxfr4",
        "outputId": "34c0d485-97bf-4163-922d-aa761120b4e2"
      },
      "execution_count": 23,
      "outputs": [
        {
          "output_type": "stream",
          "name": "stdout",
          "text": [
            "Матриця:\n",
            " [[ 0.86681295  0.25223263  0.70527891]\n",
            " [-0.07037409  0.35536834 -0.12684082]\n",
            " [ 0.15590526  0.10221875 -0.63978068]]\n",
            "Середнє арифметичне значення елементів матриці: 0.17786902700072904\n"
          ]
        }
      ]
    },
    {
      "cell_type": "markdown",
      "source": [
        "Завдання 15\n",
        "\n",
        "Створіть матрицю розміром 3x3, заповніть її випадковими дійсними числами в діапазоні від 0 до 1 та знайдіть вектор-стовпчик, що містить суму квадратів елементів кожного рядка матриці."
      ],
      "metadata": {
        "id": "f98om4vmxqqC"
      }
    },
    {
      "cell_type": "code",
      "source": [
        "# Створення матриці 3x3 з випадковими дійсними числами від 0 до 1\n",
        "matrix = np.random.uniform(0, 1, size=(3, 3))\n",
        "\n",
        "# Обчислення суми квадратів елементів кожного рядка\n",
        "row_sums_of_squares = np.sum(matrix**2, axis=1).reshape(-1, 1)\n",
        "\n",
        "# Виведення матриці та вектора-стовпчика з сумами квадратів\n",
        "print(\"Матриця:\\n\", matrix)\n",
        "print(\"\\nВектор-стовпчик сум квадратів елементів кожного рядка:\\n\", row_sums_of_squares)\n"
      ],
      "metadata": {
        "colab": {
          "base_uri": "https://localhost:8080/"
        },
        "id": "CXiYKwcBxqDD",
        "outputId": "6a4e131a-8fa3-4cf4-d090-45392f80533a"
      },
      "execution_count": 27,
      "outputs": [
        {
          "output_type": "stream",
          "name": "stdout",
          "text": [
            "Матриця:\n",
            " [[0.13255069 0.45426968 0.33702982]\n",
            " [0.60765325 0.31022855 0.9201865 ]\n",
            " [0.58723393 0.08596072 0.25725697]]\n",
            "\n",
            "Вектор-стовпчик сум квадратів елементів кожного рядка:\n",
            " [[0.33751973]\n",
            " [1.31222742]\n",
            " [0.41841408]]\n"
          ]
        }
      ]
    }
  ]
}
